1000000  1088890  88890
2000000  2192114  192114
3000000  3271545  271545
4000000  4407939  407939
5000000  5522777  522777
6000000  6644608  644608
7000000  7766866  766866
8000000  8839824  839824
9000000  9898442  898442
10000000  10985100  985100
11000000  12047566  1047566
12000000  13121738  1121738
13000000  14214226  1214226
14000000  15307658  1307658
15000000  16427272  1427272
16000000  17508212  1508212
17000000  18603397  1603397
18000000  19722967  1722967
19000000  20843732  1843732
20000000  21941459  1941459
21000000  23065888  2065888
22000000  24188882  2188882
23000000  25267819  2267819
24000000  26334198  2334198
25000000  27402261  2402261
26000000  28475965  2475965
27000000  29550126  2550126
28000000  30625085  2625085
29000000  31699656  2699656
30000000  32757833  2757833
31000000  33843265  2843265
32000000  34905162  2905162
33000000  35961530  2961530
34000000  37054854  3054854
35000000  38161393  3161393
36000000  39282097  3282097
37000000  40403332  3403332
38000000  41496995  3496995
39000000  42601796  3601796
40000000  43723067  3723067
41000000  44843944  3843944
42000000  45969866  3969866
43000000  47092112  4092112
44000000  48181064  4181064
45000000  49275396  4275396
46000000  50401248  4401248
47000000  51524620  4524620
48000000  52648457  4648457
49000000  53772471  4772471
50000000  54897750  4897750
51000000  56021079  5021079
52000000  57104729  5104729
53000000  58230818  5230818
54000000  59354455  5354455
55000000  60477487  5477487
56000000  61600874  5600874
57000000  62725742  5725742
58000000  63850165  5850165
59000000  64973331  5973331
60000000  66099756  6099756
61000000  67222441  6222441
62000000  68345848  6345848
63000000  69468986  6468986
64000000  70594901  6594901
65000000  71720020  6720020
66000000  72843611  6843611
67000000  73946560  6946560
68000000  75070057  7070057
69000000  76193095  7193095
70000000  77261249  7261249
71000000  78355530  7355530
72000000  79477069  7477069
73000000  80606355  7606355
74000000  81728479  7728479
75000000  82852068  7852068
76000000  83951220  7951220
77000000  85065949  8065949
78000000  86189973  8189973
79000000  87312668  8312668
80000000  88435498  8435498
81000000  89514412  8514412
82000000  90627599  8627599
83000000  91748433  8748433
84000000  92867814  8867814
85000000  93948414  8948414
86000000  95063131  9063131
87000000  96185599  9185599
88000000  97310189  9310189
89000000  98434365  9434365
90000000  99555236  9555236
91000000  100677207  9677207
92000000  101800762  9800762
93000000  102922363  9922363
94000000  104023935  10023935
95000000  105145197  10145197
96000000  106207346  10207346
97000000  107306622  10306622
98000000  108404194  10404194
99000000  109524138  10524138
100000000  110647302  10647302
101000000  111769719  10769719
102000000  112890643  10890643
103000000  114014836  11014836
104000000  115136559  11136559
105000000  116257865  11257865
106000000  117379366  11379366
107000000  118502907  11502907
108000000  119583686  11583686
109000000  120706027  11706027
110000000  121833457  11833457
111000000  122956500  11956500
112000000  124042275  12042275
113000000  125099208  12099208
114000000  126223667  12223667
115000000  127315181  12315181
116000000  128437914  12437914
117000000  129564107  12564107
118000000  130689321  12689321
119000000  131811297  12811297
120000000  132931964  12931964
121000000  134019681  13019681
122000000  135142061  13142061
123000000  136265201  13265201
124000000  137364768  13364768
125000000  138489165  13489165
126000000  139612580  13612580
127000000  140737754  13737754
128000000  141864470  13864470
129000000  142987825  13987825
130000000  144073421  14073421
131000000  145196541  14196541
132000000  146319408  14319408
133000000  147443181  14443181
134000000  148565220  14565220
135000000  149687914  14687914
136000000  150812608  14812608
137000000  151935654  14935654
138000000  153059427  15059427
139000000  154184142  15184142
140000000  155305951  15305951
141000000  156428275  15428275
142000000  157550576  15550576
143000000  158673955  15673955
144000000  159797605  15797605
145000000  160920531  15920531
146000000  162020138  16020138
147000000  163142452  16142452
148000000  164228536  16228536
149000000  165351163  16351163
150000000  166476107  16476107
151000000  167600181  16600181
152000000  168723830  16723830
153000000  169827374  16827374
154000000  170951338  16951338
155000000  172075168  17075168
156000000  173199392  17199392
157000000  174325308  17325308
158000000  175448462  17448462
159000000  176572609  17572609
160000000  177695789  17695789
161000000  178821611  17821611
162000000  179947265  17947265
163000000  181070285  18070285
164000000  182194171  18194171
165000000  183318203  18318203
166000000  184413055  18413055
167000000  185535736  18535736
168000000  186662735  18662735
169000000  187786903  18786903
170000000  188911414  18911414
171000000  190009005  19009005
172000000  191133088  19133088
173000000  192256236  19256236
174000000  193381479  19381479
175000000  194507843  19507843
176000000  195630506  19630506
177000000  196753219  19753219
178000000  197878179  19878179
179000000  199001088  20001088
180000000  200124320  20124320
181000000  201247748  20247748
182000000  202347708  20347708
183000000  203433549  20433549
184000000  204528461  20528461
185000000  205589426  20589426
186000000  206715931  20715931
187000000  207839576  20839576
188000000  208963741  20963741
189000000  210088798  21088798
190000000  211212228  21212228
191000000  212335412  21335412
192000000  213459448  21459448
193000000  214584098  21584098
194000000  215707328  21707328
195000000  216830562  21830562
196000000  217943383  21943383
197000000  219066275  22066275
198000000  220190795  22190795
199000000  221314256  22314256
200000000  222439882  22439882
201000000  223562989  22562989
202000000  224686165  22686165
203000000  225812532  22812532
204000000  226935972  22935972
205000000  228058998  23058998
206000000  229181735  23181735
207000000  230274488  23274488
208000000  231398246  23398246
209000000  232521519  23521519
210000000  233622724  23622724
211000000  234722616  23722616
212000000  235845139  23845139
213000000  236969899  23969899
214000000  238095463  24095463
215000000  239218810  24218810
216000000  240342937  24342937
217000000  241465917  24465917
218000000  242590639  24590639
219000000  243717938  24717938
220000000  244841924  24841924
221000000  245926949  24926949
222000000  247053078  25053078
223000000  248176701  25176701
224000000  249300368  25300368
225000000  250383757  25383757
226000000  251506793  25506793
227000000  252630261  25630261
228000000  253755554  25755554
229000000  254878992  25878992
230000000  256004908  26004908
231000000  257129355  26129355
232000000  258255184  26255184
233000000  259377775  26377775
234000000  260500668  26500668
235000000  261624232  26624232
236000000  262748378  26748378
237000000  263874686  26874686
238000000  264950155  26950155
239000000  266016324  27016324
240000000  267081172  27081172
241000000  268156816  27156816
242000000  269231681  27231681
243000000  270307243  27307243
244000000  271382582  27382582
245000000  272457301  27457301
246000000  273531947  27531947
247000000  274607091  27607091
248000000  275681976  27681976
249000000  276757294  27757294
250000000  277832299  27832299
251000000  278907509  27907509
252000000  279982628  27982628
253000000  281058486  28058486
254000000  282133666  28133666
255000000  283198246  28198246
256000000  284252854  28252854
257000000  285327468  28327468
258000000  286402618  28402618
259000000  287463300  28463300
260000000  288538280  28538280
261000000  289613185  28613185
262000000  290688185  28688185
263000000  291763196  28763196
264000000  292837935  28837935
265000000  293913185  28913185
266000000  294988066  28988066
267000000  296062797  29062797
268000000  297137437  29137437
269000000  298212761  29212761
270000000  299287773  29287773
271000000  300362664  29362664
272000000  301437244  29437244
273000000  302512418  29512418
274000000  303586952  29586952
275000000  304651822  29651822
276000000  305727910  29727910
277000000  306802726  29802726
278000000  307877360  29877360
279000000  308952099  29952099
280000000  310027020  30027020
281000000  311113849  30113849
282000000  312208494  30208494
283000000  313304737  30304737
284000000  314401735  30401735
285000000  315494971  30494971
286000000  316591368  30591368
287000000  317688786  30688786
288000000  318792671  30792671
289000000  319873242  30873242
290000000  320982120  30982120
291000000  322105743  31105743
292000000  323227602  31227602
293000000  324351023  31351023
294000000  325457652  31457652
295000000  326580237  31580237
296000000  327701162  31701162
297000000  328822730  31822730
298000000  329893182  31893182
299000000  330971934  31971934
300000000  332057881  32057881
301000000  333142833  32142833
302000000  334267348  32267348
303000000  335391187  32391187
304000000  336515361  32515361
305000000  337639225  32639225
306000000  338764017  32764017
307000000  339887476  32887476
308000000  341011200  33011200
309000000  342135149  33135149
310000000  343260170  33260170
311000000  344384302  33384302
312000000  345507867  33507867
313000000  346631329  33631329
314000000  347730693  33730693
315000000  348854061  33854061
316000000  349980021  33980021
317000000  351103402  34103402
318000000  352227210  34227210
319000000  353350609  34350609
320000000  354476939  34476939
321000000  355599668  34599668
322000000  356724448  34724448
323000000  357849019  34849019
324000000  358972566  34972566
325000000  360097021  35097021
326000000  361220389  35220389
327000000  362345632  35345632
328000000  363449864  35449864
329000000  364571751  35571751
330000000  365696192  35696192
331000000  366820130  35820130
332000000  367943114  35943114
333000000  369066360  36066360
334000000  370193141  36193141
335000000  371318585  36318585
336000000  372441080  36441080
337000000  373565810  36565810
338000000  374690724  36690724
339000000  375813535  36813535
340000000  376936607  36936607
341000000  378062987  37062987
342000000  379186040  37186040
343000000  380295346  37295346
344000000  381418302  37418302
345000000  382542759  37542759
346000000  383665308  37665308
347000000  384763789  37763789
348000000  385888309  37888309
349000000  387011124  38011124
350000000  388134611  38134611
351000000  389257382  38257382
352000000  390385538  38385538
353000000  391509131  38509131
354000000  392633107  38633107
355000000  393759245  38759245
356000000  394881878  38881878
357000000  395980576  38980576
358000000  397103824  39103824
359000000  398164035  39164035
360000000  399287584  39287584
361000000  400410475  39410475
362000000  401536113  39536113
363000000  402660923  39660923
364000000  403783947  39783947
365000000  404881636  39881636
366000000  405973703  39973703
367000000  407099585  40099585
368000000  408222975  40222975
369000000  409345453  40345453
370000000  410470401  40470401
371000000  411556338  40556338
372000000  412679400  40679400
373000000  413765129  40765129
374000000  414888604  40888604
375000000  416011538  41011538
376000000  417135204  41135204
377000000  418260824  41260824
378000000  419383884  41383884
379000000  420507009  41507009
380000000  421631071  41631071
381000000  422755768  41755768
382000000  423879642  41879642
383000000  424984471  41984471
384000000  426109758  42109758
385000000  427232964  42232964
386000000  428332244  42332244
387000000  429454935  42454935
388000000  430581084  42581084
389000000  431705429  42705429
390000000  432828415  42828415
391000000  433904507  42904507
392000000  435027368  43027368
393000000  436150240  43150240
394000000  437273104  43273104
395000000  438398145  43398145
396000000  439520431  43520431
397000000  440645876  43645876
398000000  441770397  43770397
399000000  442893765  43893765
400000000  444018471  44018471
401000000  445119151  44119151
402000000  446243430  44243430
403000000  447367737  44367737
404000000  448490786  44490786
405000000  449613812  44613812
406000000  450738951  44738951
407000000  451862566  44862566
408000000  452985692  44985692
409000000  454111153  45111153
410000000  455234124  45234124
411000000  456357272  45357272
412000000  457481571  45481571
413000000  458606296  45606296
414000000  459729167  45729167
415000000  460828081  45828081
416000000  461952651  45952651
417000000  463076148  46076148
418000000  464199256  46199256
419000000  465298031  46298031
420000000  466422660  46422660
421000000  467546219  46546219
422000000  468670618  46670618
423000000  469798316  46798316
424000000  470921933  46921933
425000000  472044951  47044951
426000000  473168905  47168905
427000000  474294575  47294575
428000000  475420433  47420433
429000000  476508284  47508284
430000000  477633080  47633080
431000000  478758638  47758638
432000000  479883169  47883169
433000000  481008851  48008851
434000000  482137121  48137121
435000000  483260715  48260715
436000000  484384325  48384325
437000000  485483385  48483385
438000000  486610695  48610695
439000000  487734114  48734114
440000000  488857631  48857631
441000000  489983443  48983443
442000000  491107665  49107665
443000000  492231055  49231055
444000000  493331558  49331558
445000000  494456472  49456472
446000000  495582259  49582259
447000000  496706824  49706824
448000000  497792769  49792769
449000000  498915803  49915803
450000000  500039713  50039713
451000000  501164527  50164527
452000000  502290554  50290554
453000000  503416106  50416106
454000000  504539800  50539800
455000000  505638718  50638718
456000000  506765423  50765423
457000000  507888391  50888391
458000000  509010769  51010769
459000000  510135705  51135705
460000000  511259654  51259654
461000000  512383057  51383057
462000000  513507438  51507438
463000000  514632873  51632873
464000000  515755323  51755323
465000000  516877767  51877767
466000000  518004063  52004063
467000000  519128306  52128306
468000000  520251605  52251605
469000000  521374665  52374665
470000000  522499541  52499541
471000000  523626821  52626821
472000000  524750031  52750031
473000000  525846102  52846102
474000000  526969539  52969539
475000000  528092252  53092252
476000000  529216735  53216735
477000000  530343257  53343257
478000000  531467366  53467366
479000000  532590416  53590416
480000000  533716043  53716043
481000000  534839584  53839584
482000000  535962477  53962477
483000000  537085825  54085825
484000000  538211773  54211773
485000000  539333548  54333548
486000000  540430447  54430447
487000000  541527699  54527699
488000000  542652658  54652658
489000000  543776046  54776046
490000000  544900098  54900098
491000000  546025341  55025341
492000000  547150856  55150856
493000000  548276602  55276602
494000000  549399608  55399608
495000000  550524834  55524834
496000000  551648339  55648339
497000000  552771771  55771771
498000000  553897916  55897916
499000000  555020840  56020840
500000000  556144419  56144419
501000000  557269225  56269225
502000000  558365995  56365995
503000000  559461146  56461146
504000000  560584078  56584078
505000000  561708547  56708547
506000000  562831491  56831491
507000000  563956305  56956305
508000000  565079852  57079852
509000000  566202992  57202992
510000000  567326292  57326292
511000000  568449210  57449210
512000000  569573092  57573092
513000000  570698610  57698610
514000000  571823456  57823456
515000000  572946221  57946221
516000000  574046650  58046650
517000000  575169780  58169780
518000000  576292816  58292816
519000000  577415984  58415984
520000000  578540640  58540640
521000000  579663804  58663804
522000000  580787459  58787459
523000000  581870804  58870804
524000000  582993878  58993878
525000000  584116827  59116827
526000000  585239846  59239846
527000000  586364307  59364307
528000000  587487363  59487363
529000000  588611947  59611947
530000000  589742027  59742027
531000000  590865357  59865357
532000000  591988835  59988835
533000000  593112167  60112167
534000000  594237079  60237079
535000000  595362813  60362813
536000000  596486753  60486753
537000000  597609714  60609714
538000000  598735322  60735322
539000000  599831331  60831331
540000000  600896073  60896073
541000000  601990722  60990722
542000000  603120690  61120690
543000000  604186895  61186895
544000000  605292069  61292069
545000000  606378062  61378062
546000000  607499748  61499748
547000000  608620465  61620465
548000000  609743152  61743152
549000000  610863869  61863869
550000000  611985861  61985861
551000000  613110727  62110727
552000000  614220257  62220257
553000000  615283532  62283532
554000000  616371498  62371498
555000000  617462570  62462570
556000000  618562157  62562157
557000000  619684098  62684098
558000000  620804716  62804716
559000000  621907467  62907467
560000000  623008249  63008249
561000000  624109945  63109945
562000000  625209983  63209983
563000000  626309768  63309768
564000000  627428045  63428045
565000000  628547841  63547841
566000000  629669997  63669997
567000000  630799235  63799235
568000000  631920170  63920170
569000000  633040574  64040574
570000000  634163077  64163077
571000000  635285385  64285385
572000000  636408483  64408483
573000000  637530368  64530368
574000000  638633056  64633056
575000000  639754593  64754593
576000000  640876344  64876344
577000000  642000366  65000366
578000000  643122380  65122380
579000000  644243447  65243447
580000000  645364821  65364821
581000000  646476171  65476171
582000000  647597324  65597324
583000000  648718527  65718527
584000000  649841631  65841631
585000000  650962807  65962807
586000000  652085274  66085274
587000000  653208412  66208412
588000000  654331124  66331124
589000000  655452544  66452544
590000000  656575026  66575026
591000000  657697525  66697525
592000000  658818857  66818857
593000000  659941191  66941191
594000000  661062098  67062098
595000000  662184811  67184811
596000000  663307600  67307600
597000000  664430532  67430532
598000000  665510936  67510936
599000000  666610946  67610946
600000000  667733272  67733272
601000000  668854695  67854695
602000000  669978561  67978561
603000000  671083486  68083486
604000000  672204144  68204144
605000000  673328013  68328013
606000000  674451813  68451813
607000000  675573177  68573177
608000000  676694186  68694186
609000000  677817602  68817602
610000000  678940131  68940131
611000000  680062776  69062776
612000000  681183488  69183488
613000000  682306879  69306879
614000000  683428528  69428528
615000000  684550248  69550248
616000000  685673023  69673023
617000000  686794581  69794581
618000000  687917436  69917436
619000000  689038259  70038259
620000000  690162399  70162399
621000000  691283621  70283621
622000000  692405869  70405869
623000000  693529320  70529320
624000000  694652097  70652097
625000000  695774271  70774271
626000000  696843834  70843834
627000000  697921377  70921377
628000000  699006217  71006217
629000000  700073274  71073274
630000000  701133022  71133022
631000000  702218192  71218192
632000000  703282262  71282262
633000000  704402912  71402912
634000000  705491040  71491040
635000000  706586567  71586567
636000000  707708876  71708876
637000000  708828869  71828869
638000000  709928226  71928226
639000000  711050165  72050165
640000000  712173965  72173965
641000000  713296841  72296841
642000000  714420043  72420043
643000000  715543432  72543432
644000000  716625161  72625161
645000000  717719383  72719383
646000000  718842699  72842699
647000000  719963940  72963940
648000000  721084262  73084262
649000000  722206799  73206799
650000000  723328806  73328806
651000000  724449235  73449235
652000000  725541815  73541815
653000000  726636177  73636177
654000000  727756513  73756513
655000000  728876094  73876094
656000000  730000519  74000519
657000000  731094790  74094790
658000000  732215198  74215198
659000000  733313649  74313649
660000000  734436563  74436563
661000000  735558745  74558745
662000000  736680554  74680554
663000000  737804101  74804101
664000000  738927652  74927652
665000000  740052618  75052618
666000000  741113568  75113568
667000000  742238448  75238448
668000000  743361065  75361065
669000000  744483505  75483505
670000000  745608443  75608443
671000000  746707372  75707372
672000000  747829722  75829722
673000000  748952642  75952642
674000000  750050042  76050042
675000000  751172909  76172909
676000000  752271455  76271455
677000000  753394354  76394354
678000000  754518809  76518809
679000000  755641069  76641069
680000000  756765764  76765764
681000000  757890881  76890881
682000000  759014144  77014144
683000000  760137275  77137275
684000000  761260407  77260407
685000000  762384674  77384674
686000000  763509560  77509560
687000000  764632305  77632305
688000000  765758009  77758009
689000000  766857514  77857514
690000000  767980193  77980193
691000000  769103696  78103696
692000000  770232733  78232733
693000000  771356176  78356176
694000000  772478931  78478931
695000000  773605030  78605030
696000000  774727409  78727409
697000000  775850598  78850598
698000000  776974152  78974152
699000000  778099379  79099379
700000000  779222623  79222623
701000000  780345570  79345570
702000000  781469457  79469457
703000000  782595163  79595163
704000000  783715257  79715257
705000000  784812504  79812504
706000000  785902980  79902980
707000000  787001246  80001246
708000000  788124873  80124873
709000000  789247815  80247815
710000000  790374269  80374269
711000000  791459725  80459725
712000000  792555722  80555722
713000000  793680173  80680173
714000000  794803158  80803158
715000000  795925179  80925179
716000000  797049367  81049367
717000000  798174381  81174381
718000000  799297507  81297507
719000000  800379150  81379150
720000000  801501009  81501009
721000000  802625653  81625653
722000000  803748380  81748380
723000000  804870526  81870526
724000000  805968277  81968277
725000000  807064907  82064907
726000000  808189318  82189318
727000000  809312232  82312232
728000000  810436541  82436541
729000000  811559761  82559761
730000000  812683198  82683198
731000000  813810656  82810656
732000000  814936144  82936144
733000000  816058624  83058624
734000000  817160522  83160522
735000000  818285843  83285843
736000000  819410106  83410106
737000000  820532393  83532393
738000000  821657151  83657151
739000000  822780061  83780061
740000000  823902917  83902917
741000000  825025414  84025414
742000000  826150501  84150501
743000000  827249238  84249238
744000000  828371276  84371276
745000000  829494099  84494099
746000000  830618885  84618885
747000000  831742476  84742476
748000000  832847373  84847373
749000000  833925644  84925644
750000000  835046489  85046489
751000000  836169926  85169926
752000000  837292565  85292565
753000000  838417540  85417540
754000000  839540423  85540423
755000000  840664243  85664243
756000000  841787954  85787954
757000000  842910425  85910425
758000000  844007629  86007629
759000000  845129845  86129845
760000000  846255315  86255315
761000000  847354904  86354904
762000000  848477691  86477691
763000000  849579198  86579198
764000000  850701201  86701201
765000000  851824076  86824076
766000000  852949117  86949117
767000000  854073729  87073729
768000000  855160951  87160951
769000000  856283909  87283909
770000000  857406461  87406461
771000000  858531369  87531369
772000000  859653758  87653758
773000000  860776419  87776419
774000000  861904787  87904787
775000000  863030054  88030054
776000000  864152971  88152971
777000000  865251924  88251924
778000000  866376034  88376034
779000000  867474739  88474739
780000000  868596508  88596508
781000000  869723435  88723435
782000000  870846475  88846475
783000000  871968248  88968248
784000000  873092091  89092091
785000000  874217258  89217258
786000000  875288405  89288405
787000000  876381694  89381694
788000000  877504698  89504698
789000000  878630066  89630066
790000000  879756211  89756211
791000000  880879678  89879678
792000000  881980596  89980596
793000000  883103666  90103666
794000000  884226810  90226810
795000000  885350980  90350980
796000000  886475986  90475986
797000000  887575659  90575659
798000000  888698639  90698639
799000000  889827429  90827429
800000000  890950984  90950984
801000000  892074282  91074282
802000000  893197865  91197865
803000000  894324371  91324371
804000000  895448762  91448762
805000000  896573139  91573139
806000000  897671402  91671402
807000000  898794824  91794824
808000000  899918645  91918645
809000000  901041663  92041663
810000000  902167241  92167241
811000000  903289988  92289988
812000000  904413278  92413278
813000000  905542226  92542226
814000000  906665589  92665589
815000000  907764595  92764595
816000000  908888383  92888383
817000000  910014057  93014057
818000000  911136998  93136998
819000000  912260631  93260631
820000000  913385509  93385509
821000000  914509214  93509214
822000000  915632324  93632324
823000000  916755853  93755853
824000000  917839547  93839547
825000000  918960314  93960314
826000000  920084030  94084030
827000000  921207067  94207067
828000000  922331871  94331871
829000000  923458097  94458097
830000000  924582071  94582071
831000000  925673717  94673717
832000000  926796195  94796195
833000000  927895619  94895619
834000000  929020539  95020539
835000000  930120587  95120587
836000000  931240845  95240845
837000000  932362027  95362027
838000000  933483069  95483069
839000000  934606438  95606438
840000000  935730773  95730773
841000000  936854015  95854015
842000000  937978591  95978591
843000000  939101800  96101800
844000000  940226768  96226768
845000000  941349691  96349691
846000000  942475541  96475541
847000000  943598166  96598166
848000000  944722142  96722142
849000000  945801964  96801964
850000000  946921054  96921054
851000000  948024748  97024748
852000000  949146154  97146154
853000000  950270404  97270404
854000000  951392066  97392066
855000000  952513514  97513514
856000000  953637731  97637731
857000000  954758858  97758858
858000000  955881092  97881092
859000000  957003739  98003739
860000000  958127843  98127843
861000000  959203745  98203745
862000000  960326965  98326965
863000000  961449503  98449503
864000000  962540237  98540237
865000000  963661090  98661090
866000000  964781798  98781798
867000000  965906072  98906072
868000000  967027153  99027153
869000000  968131690  99131690
870000000  969254393  99254393
871000000  970378754  99378754
872000000  971500667  99500667
873000000  972622179  99622179
874000000  973746189  99746189
875000000  974867565  99867565
876000000  975989045  99989045
877000000  977110290  100110290
878000000  978165347  100165347
879000000  979290008  100290008
880000000  980413491  100413491
881000000  981540817  100540817
882000000  982664025  100664025
883000000  983787964  100787964
884000000  984911763  100911763
885000000  986038439  101038439
886000000  987161984  101161984
887000000  988260068  101260068
888000000  989383365  101383365
889000000  990508957  101508957
890000000  991632788  101632788
891000000  992755805  101755805
892000000  993881036  101881036
893000000  994981229  101981229
894000000  996106623  102106623
895000000  997230288  102230288
896000000  998355429  102355429
897000000  999479151  102479151
898000000  1000602939  102602939
899000000  1001688108  102688108
900000000  1002812964  102812964
901000000  1003936336  102936336
902000000  1005060245  103060245
903000000  1006186733  103186733
904000000  1007310062  103310062
905000000  1008409439  103409439
906000000  1009534303  103534303
907000000  1010637767  103637767
908000000  1011762470  103762470
909000000  1012887229  103887229
910000000  1014012065  104012065
911000000  1015136360  104136360
912000000  1016260136  104260136
913000000  1017383109  104383109
914000000  1018508583  104508583
915000000  1019631723  104631723
916000000  1020755344  104755344
917000000  1021880834  104880834
918000000  1023005918  105005918
919000000  1024129817  105129817
920000000  1025252500  105252500
921000000  1026377428  105377428
922000000  1027483895  105483895
923000000  1028593375  105593375
924000000  1029720447  105720447
925000000  1030844090  105844090
926000000  1031966663  105966663
927000000  1033051089  106051089
928000000  1034178143  106178143
929000000  1035301446  106301446
930000000  1036425374  106425374
931000000  1037551398  106551398
932000000  1038672710  106672710
933000000  1039794842  106794842
934000000  1040915158  106915158
935000000  1042003858  107003858
936000000  1043102305  107102305
937000000  1044197534  107197534
938000000  1045321087  107321087
939000000  1046448150  107448150
940000000  1047570939  107570939
941000000  1048661859  107661859
942000000  1049786388  107786388
943000000  1050910265  107910265
944000000  1052032316  108032316
945000000  1053156354  108156354
946000000  1054285138  108285138
947000000  1055408515  108408515
948000000  1056535418  108535418
949000000  1057660606  108660606
950000000  1058783672  108783672
951000000  1059906518  108906518
952000000  1061030390  109030390
953000000  1062156067  109156067
954000000  1063279496  109279496
955000000  1064402869  109402869
956000000  1065529111  109529111
957000000  1066653037  109653037
958000000  1067776203  109776203
959000000  1068900402  109900402
960000000  1070025685  110025685
961000000  1071148731  110148731
962000000  1072273104  110273104
963000000  1073398212  110398212
964000000  1074524535  110524535
965000000  1075623128  110623128
966000000  1076747888  110747888
967000000  1077873754  110873754
968000000  1078998207  110998207
969000000  1080121622  111121622
970000000  1081245320  111245320
971000000  1082370537  111370537
972000000  1083493859  111493859
973000000  1084616181  111616181
974000000  1085702914  111702914
975000000  1086826290  111826290
976000000  1087949287  111949287
977000000  1089072780  112072780
978000000  1090199294  112199294
979000000  1091326612  112326612
980000000  1092447909  112447909
981000000  1093577218  112577218
982000000  1094661663  112661663
983000000  1095784476  112784476
984000000  1096906329  112906329
985000000  1098030818  113030818
986000000  1099153387  113153387
987000000  1100276908  113276908
988000000  1101399695  113399695
989000000  1102524746  113524746
990000000  1103647674  113647674
991000000  1104770929  113770929
992000000  1105965190  113965190
993000000  1107038629  114038629
994000000  1108098826  114098826
995000000  1109221567  114221567
996000000  1110346693  114346693
997000000  1111469184  114469184
998000000  1112591952  114591952
999000000  1113716795  114716795
1000000000  1114839199  114839199
-1  -1  0
